1275
0 15 1 2
1 30 3 4
2 10 4 5
3 36 6 7
4 18 7 8
5 10 8 9
6 16 10 11
7 41 11 12
8 33 12 13
9 49 13 14
10 36 15 16
11 12 16 17
12 13 17 18
13 49 18 19
14 28 19 20
15 48 21 22
16 15 22 23
17 22 23 24
18 13 24 25
19 36 25 26
20 30 26 27
21 30 28 29
22 35 29 30
23 18 30 31
24 37 31 32
25 39 32 33
26 17 33 34
27 48 34 35
28 10 36 37
29 20 37 38
30 48 38 39
31 36 39 40
32 50 40 41
33 24 41 42
34 48 42 43
35 23 43 44
36 45 45 46
37 40 46 47
38 11 47 48
39 36 48 49
40 45 49 50
41 16 50 51
42 17 51 52
43 50 52 53
44 23 53 54
45 40 55 56
46 23 56 57
47 30 57 58
48 15 58 59
49 41 59 60
50 39 60 61
51 33 61 62
52 38 62 63
53 47 63 64
54 10 64 65
55 28 66 67
56 23 67 68
57 36 68 69
58 13 69 70
59 26 70 71
60 29 71 72
61 34 72 73
62 36 73 74
63 40 74 75
64 49 75 76
65 36 76 77
66 11 78 79
67 37 79 80
68 28 80 81
69 31 81 82
70 11 82 83
71 11 83 84
72 43 84 85
73 38 85 86
74 30 86 87
75 45 87 88
76 23 88 89
77 47 89 90
78 41 91 92
79 37 92 93
80 47 93 94
81 37 94 95
82 11 95 96
83 20 96 97
84 49 97 98
85 24 98 99
86 34 99 
...
 1135
1088 33 1135 1136
1089 36 1136 1137
1090 45 1137 1138
1091 37 1138 1139
1092 24 1139 1140
1093 16 1140 1141
1094 37 1141 1142
1095 43 1142 1143
1096 40 1143 1144
1097 45 1144 1145
1098 21 1145 1146
1099 45 1146 1147
1100 30 1147 1148
1101 20 1148 1149
1102 47 1149 1150
1103 19 1150 1151
1104 11 1151 1152
1105 41 1152 1153
1106 43 1153 1154
1107 19 1154 1155
1108 48 1155 1156
1109 27 1156 1157
1110 40 1157 1158
1111 12 1158 1159
1112 42 1159 1160
1113 28 1160 1161
1114 41 1161 1162
1115 24 1162 1163
1116 32 1163 1164
1117 50 1164 1165
1118 23 1165 1166
1119 13 1166 1167
1120 49 1167 1168
1121 39 1168 1169
1122 13 1169 1170
1123 11 1170 1171
1124 37 1171 1172
1125 18 1172 1173
1126 34 1173 1174
1127 33 1174 1175
1128 13 1176 1177
1129 28 1177 1178
1130 34 1178 1179
1131 17 1179 1180
1132 25 1180 1181
1133 30 1181 1182
1134 18 1182 1183
1135 14 1183 1184
1136 20 1184 1185
1137 43 1185 1186
1138 50 1186 1187
1139 12 1187 1188
1140 27 1188 1189
1141 23 1189 1190
1142 27 1190 1191
1143 24 1191 1192
1144 36 1192 1193
1145 16 1193 1194
1146 13 1194 1195
1147 30 1195 1196
1148 22 1196 1197
1149 19 1197 1198
1150 35 1198 1199
1151 28 1199 1200
1152 26 1200 1201
1153 42 1201 1202
1154 14 1202 1203
1155 49 1203 1204
1156 41 1204 1205
1157 34 1205 1206
1158 39 1206 1207
1159 46 1207 1208
1160 22 1208 1209
1161 18 1209 1210
1162 45 1210 1211
1163 15 1211 1212
1164 29 1212 1213
1165 37 1213 1214
1166 21 1214 1215
1167 16 1215 1216
1168 28 1216 1217
1169 39 1217 1218
1170 22 1218 1219
1171 14 1219 1220
1172 23 1220 1221
1173 29 1221 1222
1174 23 1222 1223
1175 42 1223 1224
1176 47 1225 1226
1177 17 1226 1227
1178 11 1227 1228
1179 20 1228 1229
1180 36 1229 1230
1181 47 1230 1231
1182 46 1231 1232
1183 14 1232 1233
1184 34 1233 1234
1185 36 1234 1235
1186 11 1235 1236
1187 39 1236 1237
1188 24 1237 1238
1189 13 1238 1239
1190 39 1239 1240
1191 45 1240 1241
1192 17 1241 1242
1193 24 1242 1243
1194 43 1243 1244
1195 13 1244 1245
1196 39 1245 1246
1197 20 1246 1247
1198 25 1247 1248
1199 48 1248 1249
1200 22 1249 1250
1201 29 1250 1251
1202 45 1251 1252
1203 35 1252 1253
1204 30 1253 1254
1205 23 1254 1255
1206 10 1255 1256
1207 40 1256 1257
1208 42 1257 1258
1209 50 1258 1259
1210 40 1259 1260
1211 17 1260 1261
1212 42 1261 1262
1213 12 1262 1263
1214 48 1263 1264
1215 34 1264 1265
1216 40 1265 1266
1217 42 1266 1267
1218 19 1267 1268
1219 19 1268 1269
1220 46 1269 1270
1221 37 1270 1271
1222 33 1271 1272
1223 36 1272 1273
1224 20 1273 1274
1225 23 E E
1226 23 E E
1227 32 E E
1228 24 E E
1229 14 E E
1230 47 E E
1231 22 E E
1232 19 E E
1233 35 E E
1234 36 E E
1235 25 E E
1236 36 E E
1237 31 E E
1238 37 E E
1239 36 E E
1240 26 E E
1241 28 E E
1242 47 E E
1243 25 E E
1244 38 E E
1245 23 E E
1246 45 E E
1247 48 E E
1248 43 E E
1249 44 E E
1250 11 E E
1251 33 E E
1252 22 E E
1253 16 E E
1254 45 E E
1255 39 E E
1256 12 E E
1257 23 E E
1258 48 E E
1259 22 E E
1260 11 E E
1261 45 E E
1262 24 E E
1263 32 E E
1264 46 E E
1265 29 E E
1266 44 E E
1267 34 E E
1268 32 E E
1269 16 E E
1270 40 E E
1271 30 E E
1272 49 E E
1273 13 E E
1274 21 E E